function a=anonymous
% auto-generated code. do not modify.
Infinity=Inf;
I=i;
a=zeros([3000, 1]);
a(1)=-4650.264922581819;
a(2)=-4379.7933590849525;
a(3)=-4222.4770047988095;
a(4)=-4042.83595855439;
a(5)=-3720.9296790036137;
a(6)=-3587.47328088048;
a(7)=-3445.0287831794385;
a(8)=-3308.676588047194;
a(9)=-3189.400554289448;
a(10)=-3051.770901579396;
a(11)=-2736.3334930862957;
a(12)=-2462.1881538421026;
a(13)=1559.248462452838;
a(14)=1532.5814775340568;
a(15)=1474.6549628652967;
a(16)=1453.410335051563;
a(17)=1880.614268196691;
a(18)=1808.1825402734135;
a(19)=1770.8047149244471;
a(20)=1696.658297650826;
a(21)=1632.4389406377454;
a(22)=2062.7846287346465;
a(23)=2445.76061467905;
a(24)=2352.714471935925;
a(25)=2697.3914763648727;
a(26)=2622.878671764154;
a(27)=2935.6811609088804;
a(28)=3248.2074160813863;
a(29)=3546.230980461316;
a(30)=3779.5814341842474;
a(31)=3624.5405873560717;
a(32)=3493.6964978670253;
a(33)=3583.8767274459456;
a(34)=3445.9324626648545;
a(35)=3396.377477661616;
a(36)=3292.4675109881364;
a(37)=3069.0811094423307;
a(38)=2922.3167410677856;
a(39)=2572.2110216482774;
a(40)=2132.315970205749;
a(41)=2042.710894470212;
a(42)=1963.800591374814;
a(43)=1831.1109825854642;
a(44)=1136.1433686011128;
a(45)=1090.7390639628716;
a(46)=449.69356444045656;
a(47)=-114.12134415150885;
a(48)=-592.082854417903;
a(49)=-570.1592654380273;
a(50)=-552.2466404989698;
a(51)=-535.8835148005079;
a(52)=-1052.1870412786304;
a(53)=-1561.0662153890673;
a(54)=-1503.935765419672;
a(55)=-1978.7728816728466;
a(56)=-1947.8388391957983;
a(57)=-1878.9878021455538;
a(58)=-2403.5441947057698;
a(59)=-2910.0613413231513;
a(60)=-2806.533071694195;
a(61)=-3305.874087997385;
a(62)=-3737.3749945012573;
a(63)=-3599.462119704711;
a(64)=-4054.3912862118095;
a(65)=-3895.445013196107;
a(66)=-3754.1995477078513;
a(67)=-4201.342612949333;
a(68)=-4622.514899461396;
a(69)=-4989.387848181324;
a(70)=-4835.81171730522;
a(71)=-5223.735417713632;
a(72)=-5575.985207258228;
a(73)=-5921.429425325905;
a(74)=-6214.10323097908;
a(75)=-5984.588411432854;
a(76)=-6263.817724289208;
a(77)=-6056.241300085036;
a(78)=-6349.53137198189;
a(79)=-6635.3647520849045;
a(80)=-6899.431720488989;
a(81)=-7115.680746830897;
a(82)=-6873.18737152056;
a(83)=-7050.378048457977;
a(84)=-6791.1050606650315;
a(85)=-6987.790528900164;
a(86)=-7176.386521492865;
a(87)=-7341.984220197629;
a(88)=-7085.9731496381655;
a(89)=-7237.481518672248;
a(90)=-6970.323702481375;
a(91)=-7125.039541313096;
a(92)=-6877.720731049658;
a(93)=-7065.5060640008205;
a(94)=-6819.912982613892;
a(95)=-6989.124135650406;
a(96)=-6732.154542631341;
a(97)=-6501.85941908032;
a(98)=-6667.251582712625;
a(99)=-6842.807274152258;
a(100)=-6572.324319793599;
a(101)=-6311.370211001352;
a(102)=-6081.882513194302;
a(103)=-5875.005638625495;
a(104)=-5640.919094706363;
a(105)=-5434.166088202227;
a(106)=-5672.731903109929;
a(107)=-5450.572867226777;
a(108)=-5253.304671139386;
a(109)=-5509.962344112308;
a(110)=-5756.869867168011;
a(111)=-5977.135682082795;
a(112)=-6204.597458860195;
a(113)=-6387.88545682372;
a(114)=-6153.272694921243;
a(115)=-6338.56776439353;
a(116)=-6121.274635839636;
a(117)=-6329.0934743135695;
a(118)=-6544.357456716675;
a(119)=-6750.119215125704;
a(120)=-6935.965804166052;
a(121)=-7128.642705203672;
a(122)=-7277.181913335803;
a(123)=-7008.851182542378;
a(124)=-7195.034414721945;
a(125)=-7340.326988953101;
a(126)=-7069.104890361837;
a(127)=-7256.303895390193;
a(128)=-7432.489374306974;
a(129)=-7593.125267457616;
a(130)=-7757.047838663999;
a(131)=-7913.404254427531;
a(132)=-8054.396297013712;
a(133)=-8167.003900122131;
a(134)=-7845.54996055016;
a(135)=-7558.039612009804;
a(136)=-7721.5400429263445;
a(137)=-7878.6137161540555;
a(138)=-8020.005008656355;
a(139)=-8156.310965866062;
a(140)=-8255.059709748632;
a(141)=-7953.507500487933;
a(142)=-7636.693929800969;
a(143)=-7333.092070635138;
a(144)=-7477.795664021638;
a(145)=-7593.461007779479;
a(146)=-7293.689672640163;
a(147)=-7025.969154752477;
a(148)=-7200.490760138556;
a(149)=-7359.2899602073885;
a(150)=-7500.5452316797155;
a(151)=-7607.571427933243;
a(152)=-7307.198575244414;
a(153)=-7040.606227960371;
a(154)=-7164.44881513326;
a(155)=-7307.979643346409;
a(156)=-7435.297396542592;
a(157)=-7143.436609691904;
a(158)=-6861.342518767904;
a(159)=-6611.690845573492;
a(160)=-6352.903345434411;
a(161)=-6130.850619888377;
a(162)=-6234.345146952507;
a(163)=-6008.440135385718;
a(164)=-6050.602591825318;
a(165)=-6061.051295927781;
a(166)=-5836.567140784518;
a(167)=-5780.1729561057655;
a(168)=-5568.3415567298525;
a(169)=-5350.234991373455;
a(170)=-5141.88725880256;
a(171)=-4959.999430226865;
a(172)=-4762.488013954546;
a(173)=-4572.929907565913;
a(174)=-4407.9125009859745;
a(175)=-3978.706917234145;
a(176)=-3516.756776012592;
a(177)=-3062.9607753001264;
a(178)=-2910.24311193418;
a(179)=-2413.9853894422376;
a(180)=-2328.8489300328747;
a(181)=-2205.167255062793;
a(182)=-1700.2117264255933;
a(183)=-1275.1478925478464;
a(184)=-881.8012642620055;
a(185)=-824.0785406318583;
a(186)=-505.0246346284796;
a(187)=-467.1295959777842;
a(188)=-230.09638252382638;
a(189)=-222.1008163704448;
a(190)=-217.5517829062441;
a(191)=-203.15397483789695;
a(192)=-118.86227776889477;
a(193)=-114.98298237097133;
a(194)=-116.03765418717565;
a(195)=-112.55826098225015;
a(196)=-110.74398750992917;
a(197)=-108.1233035921456;
a(198)=-273.7307413592362;
a(199)=-451.37024081715765;
a(200)=-638.286372281202;
a(201)=-616.5197765067976;
a(202)=-825.3445661417179;
a(203)=-795.019626742891;
a(204)=-765.788900553404;
a(205)=-978.6684130992293;
a(206)=-961.6766487691141;
a(207)=-1170.7016127646568;
a(208)=-1377.1947551330875;
a(209)=-1563.9838945455838;
a(210)=-1507.8184904473972;
a(211)=-1449.3124566819408;
a(212)=-1392.8235020973548;
a(213)=-1343.9530325197527;
a(214)=-1292.4837620055723;
a(215)=-1245.558224222932;
a(216)=-1200.6195699266837;
a(217)=-1155.1810629018782;
a(218)=-1110.7932724837854;
a(219)=-1070.9889214018854;
a(220)=-1260.7887213160855;
a(221)=-1234.285134011508;
a(222)=-1424.6765840530823;
a(223)=-1593.9604517917887;
a(224)=-1531.202854330266;
a(225)=-1476.0653487200461;
a(226)=-1418.2474690249521;
a(227)=-1384.4766757330158;
a(228)=-1559.8760387308942;
a(229)=-1750.2877354219574;
a(230)=-1935.502107943711;
a(231)=-2097.5065299497937;
a(232)=-2034.0808739766264;
a(233)=-2203.7673419945727;
a(234)=-2123.9299503407733;
a(235)=-2291.15287655163;
a(236)=-2453.7373424588623;
a(237)=-2598.1210607878843;
a(238)=-2516.1716157941164;
a(239)=-2675.5866622117046;
a(240)=-2578.5879557098715;
a(241)=-2710.5073667445604;
a(242)=-2847.8548423924863;
a(243)=-2977.767213223964;
a(244)=-3083.9292898556737;
a(245)=-3185.5652214126208;
a(246)=-3301.835308220354;
a(247)=-3189.8286236107524;
a(248)=-3083.009889643543;
a(249)=-3193.491523726732;
a(250)=-3289.503849336796;
a(251)=-3390.562590290601;
a(252)=-3472.8297744498486;
a(253)=-3353.7215225768186;
a(254)=-3430.812069762752;
a(255)=-3490.98102318153;
a(256)=-3366.692838147842;
a(257)=-3425.024919526963;
a(258)=-3477.452997504465;
a(259)=-3530.8754098870095;
a(260)=-3568.5763026620266;
a(261)=-3437.463979463532;
a(262)=-3317.498204786711;
a(263)=-3396.397329895974;
a(264)=-3465.054628689823;
a(265)=-3330.668519606015;
a(266)=-3216.9913840274507;
a(267)=-3284.9237028184352;
a(268)=-3155.6533862367105;
a(269)=-3044.6217543131143;
a(270)=-3099.580749403529;
a(271)=-2993.2499168905715;
a(272)=-3043.2377919557234;
a(273)=-2931.8959936533615;
a(274)=-2983.4972123625225;
a(275)=-2867.785724058594;
a(276)=-2762.306652268426;
a(277)=-2654.1230072160906;
a(278)=-2565.202040581248;
a(279)=-2630.055565079742;
a(280)=-2685.204166644276;
a(281)=-2735.6215316410025;
a(282)=-2791.6535349702854;
a(283)=-2836.4769591138556;
a(284)=-2913.7217046917626;
a(285)=-2806.4690016181676;
a(286)=-2895.2093156126207;
a(287)=-2978.086797222149;
a(288)=-2870.2655857249297;
a(289)=-2774.5380147759483;
a(290)=-2681.2182519045505;
a(291)=-2585.121176584082;
a(292)=-2484.29917297132;
a(293)=-2388.2633052606666;
a(294)=-2302.154562966022;
