function a=anonymous
% auto-generated code. do not modify.
Infinity=Inf;
I=i;
a=zeros([3000, 1]);
a(1)=6559;
a(2)=6598;
a(3)=6637;
a(4)=6676;
a(5)=6715;
a(6)=6754;
a(7)=6793;
a(8)=6832;
a(9)=6871;
a(10)=6910;
a(11)=6949;
a(12)=6988;
a(13)=7362;
a(14)=7401;
a(15)=7440;
a(16)=7479;
a(17)=7518;
a(18)=7557;
a(19)=7596;
a(20)=7635;
a(21)=7674;
a(22)=7713;
a(23)=7752;
a(24)=7791;
a(25)=7830;
a(26)=7869;
a(27)=7908;
a(28)=7947;
a(29)=7986;
a(30)=8025;
a(31)=8064;
a(32)=8103;
a(33)=8142;
a(34)=8181;
a(35)=8220;
a(36)=8259;
a(37)=8298;
a(38)=8337;
a(39)=8376;
a(40)=8415;
a(41)=8454;
a(42)=8493;
a(43)=8532;
a(44)=8571;
a(45)=8610;
a(46)=8649;
a(47)=8688;
a(48)=8727;
a(49)=8766;
a(50)=8805;
a(51)=8844;
a(52)=8883;
a(53)=8922;
a(54)=8961;
a(55)=9000;
a(56)=9039;
a(57)=9078;
a(58)=9117;
a(59)=9156;
a(60)=9195;
a(61)=9234;
a(62)=9273;
a(63)=9312;
a(64)=9351;
a(65)=9390;
a(66)=9429;
a(67)=9468;
a(68)=9507;
a(69)=9546;
a(70)=9585;
a(71)=9624;
a(72)=9663;
a(73)=9702;
a(74)=9741;
a(75)=9780;
a(76)=9819;
a(77)=9858;
a(78)=9897;
a(79)=9936;
a(80)=9975;
a(81)=10014;
a(82)=10053;
a(83)=10092;
a(84)=10131;
a(85)=10170;
a(86)=10209;
a(87)=10248;
a(88)=10287;
a(89)=10326;
a(90)=10365;
a(91)=10404;
a(92)=10443;
a(93)=10482;
a(94)=10521;
a(95)=10560;
a(96)=10599;
a(97)=10638;
a(98)=10677;
a(99)=10716;
a(100)=10755;
a(101)=10794;
a(102)=10833;
a(103)=10872;
a(104)=10911;
a(105)=10950;
a(106)=10989;
a(107)=11028;
a(108)=11067;
a(109)=11106;
a(110)=11145;
a(111)=11184;
a(112)=11223;
a(113)=11262;
a(114)=11301;
a(115)=11340;
a(116)=11379;
a(117)=11418;
a(118)=11457;
a(119)=11496;
a(120)=11535;
a(121)=11574;
a(122)=11613;
a(123)=11652;
a(124)=11691;
a(125)=11730;
a(126)=11769;
a(127)=11808;
a(128)=11847;
a(129)=11886;
a(130)=11925;
a(131)=11964;
a(132)=12003;
a(133)=12042;
a(134)=12081;
a(135)=12120;
a(136)=12159;
a(137)=12198;
a(138)=12237;
a(139)=12276;
a(140)=12315;
a(141)=12354;
a(142)=12393;
a(143)=12432;
a(144)=12471;
a(145)=12510;
a(146)=12549;
a(147)=12588;
a(148)=12627;
a(149)=12666;
a(150)=12705;
a(151)=12744;
a(152)=12783;
a(153)=12822;
a(154)=12861;
a(155)=12900;
a(156)=12939;
a(157)=12978;
a(158)=13017;
a(159)=13056;
a(160)=13095;
a(161)=13134;
a(162)=13173;
a(163)=13212;
a(164)=13251;
a(165)=13290;
a(166)=13329;
a(167)=13368;
a(168)=13407;
a(169)=13446;
a(170)=13485;
a(171)=13524;
a(172)=13563;
a(173)=13602;
a(174)=13641;
a(175)=13680;
a(176)=13719;
a(177)=13758;
a(178)=13797;
a(179)=13836;
a(180)=13875;
a(181)=13914;
a(182)=13953;
a(183)=13992;
a(184)=14031;
a(185)=14070;
a(186)=14109;
a(187)=14148;
a(188)=14187;
a(189)=14226;
a(190)=14265;
a(191)=14304;
a(192)=14343;
a(193)=14382;
a(194)=14421;
a(195)=14460;
a(196)=14499;
a(197)=14538;
a(198)=14577;
a(199)=14616;
a(200)=14655;
a(201)=14694;
a(202)=14733;
a(203)=14772;
a(204)=14811;
a(205)=14850;
a(206)=14889;
a(207)=14928;
a(208)=14967;
a(209)=15006;
a(210)=15045;
a(211)=15084;
a(212)=15123;
a(213)=15162;
a(214)=15201;
a(215)=15240;
a(216)=15279;
a(217)=15318;
a(218)=15357;
a(219)=15396;
a(220)=15435;
a(221)=15474;
a(222)=15513;
a(223)=15552;
a(224)=15591;
a(225)=15630;
a(226)=15669;
a(227)=15708;
a(228)=15747;
a(229)=15786;
a(230)=15825;
a(231)=15864;
a(232)=15903;
a(233)=15942;
a(234)=15981;
a(235)=16020;
a(236)=16059;
a(237)=16098;
a(238)=16137;
a(239)=16176;
a(240)=16215;
a(241)=16254;
a(242)=16293;
a(243)=16332;
a(244)=16371;
a(245)=16410;
a(246)=16449;
a(247)=16488;
a(248)=16527;
a(249)=16566;
a(250)=16605;
a(251)=16644;
a(252)=16683;
a(253)=16722;
a(254)=16761;
a(255)=16800;
a(256)=16839;
a(257)=16878;
a(258)=16917;
a(259)=16956;
a(260)=16995;
a(261)=17034;
a(262)=17073;
a(263)=17112;
a(264)=17151;
a(265)=17190;
a(266)=17229;
a(267)=17268;
a(268)=17307;
a(269)=17346;
a(270)=17385;
a(271)=17424;
a(272)=17463;
a(273)=17502;
a(274)=17541;
a(275)=17580;
a(276)=17619;
a(277)=17658;
a(278)=17697;
a(279)=17736;
a(280)=17775;
a(281)=17814;
a(282)=17853;
a(283)=17892;
a(284)=17931;
a(285)=17970;
a(286)=18009;
a(287)=18048;
a(288)=18087;
a(289)=18126;
a(290)=18165;
a(291)=18204;
a(292)=18243;
a(293)=18282;
a(294)=18321;
a(295)=18360;
a(296)=18399;
a(297)=18438;
a(298)=18477;
a(299)=18516;
a(300)=18555;
a(301)=18594;
a(302)=18633;
a(303)=18672;
a(304)=18711;
a(305)=18750;
a(306)=18789;
a(307)=18828;
a(308)=18867;
a(309)=18906;
a(310)=18945;
a(311)=18984;
a(312)=19023;
a(313)=19062;
a(314)=19101;
a(315)=19140;
a(316)=19179;
a(317)=19218;
a(318)=19257;
a(319)=19296;
a(320)=19335;
a(321)=19374;
a(322)=19413;
a(323)=19452;
a(324)=19491;
a(325)=19530;
a(326)=19569;
a(327)=19608;
a(328)=19647;
a(329)=19686;
a(330)=19725;
a(331)=19764;
a(332)=19803;
a(333)=19842;
a(334)=19881;
a(335)=19920;
a(336)=19959;
a(337)=19998;
a(338)=20037;
a(339)=20076;
a(340)=20115;
a(341)=20154;
a(342)=20193;
a(343)=20232;
a(344)=20271;
a(345)=20310;
a(346)=20349;
a(347)=20388;
a(348)=20427;
a(349)=20466;
a(350)=20505;
a(351)=20544;
a(352)=20583;
a(353)=20622;
a(354)=20661;
a(355)=20700;
a(356)=20739;
a(357)=20778;
a(358)=20817;
a(359)=20856;
a(360)=20895;
a(361)=20934;
a(362)=20973;
a(363)=21012;
a(364)=21051;
a(365)=21090;
a(366)=21129;
a(367)=21168;
a(368)=21207;
a(369)=21246;
a(370)=21285;
a(371)=21324;
a(372)=21363;
a(373)=21402;
a(374)=21441;
a(375)=21480;
a(376)=21519;
a(377)=21558;
a(378)=21597;
a(379)=21636;
a(380)=21675;
a(381)=21714;
a(382)=21753;
a(383)=21792;
a(384)=21831;
a(385)=21870;
a(386)=21909;
a(387)=21948;
a(388)=21987;
a(389)=22026;
a(390)=22065;
a(391)=22104;
a(392)=22143;
a(393)=22182;
a(394)=22221;
a(395)=22260;
a(396)=22299;
a(397)=22338;
a(398)=22377;
a(399)=22416;
a(400)=22455;
a(401)=22494;
a(402)=22533;
a(403)=22572;
a(404)=22611;
a(405)=22650;
a(406)=22689;
a(407)=22728;
a(408)=22767;
a(409)=22806;
a(410)=22845;
a(411)=22884;
a(412)=22923;
a(413)=22962;
a(414)=23001;
a(415)=23040;
a(416)=23079;
a(417)=23118;
a(418)=23157;
a(419)=23196;
a(420)=23235;
a(421)=23274;
a(422)=23313;
a(423)=23352;
a(424)=23391;
a(425)=23430;
a(426)=23469;
a(427)=23508;
a(428)=23547;
a(429)=23586;
a(430)=23625;
a(431)=23664;
a(432)=23703;
a(433)=23742;
a(434)=23781;
a(435)=23820;
a(436)=23859;
a(437)=23898;
a(438)=23937;
a(439)=23976;
a(440)=24015;
a(441)=24054;
a(442)=24093;
a(443)=24132;
a(444)=24171;
a(445)=24210;
a(446)=24249;
a(447)=24288;
a(448)=24327;
a(449)=24366;
a(450)=24405;
a(451)=24444;
a(452)=24483;
a(453)=24522;
a(454)=24561;
a(455)=24600;
a(456)=24639;
a(457)=24678;
a(458)=24717;
a(459)=24756;
a(460)=24795;
a(461)=24834;
a(462)=24873;
a(463)=24912;
a(464)=24951;
a(465)=24990;
a(466)=25029;
a(467)=25068;
a(468)=25107;
a(469)=25146;
a(470)=25185;
a(471)=25224;
a(472)=25263;
a(473)=25302;
a(474)=25341;
a(475)=25380;
a(476)=25419;
a(477)=25458;
a(478)=25497;
a(479)=25536;
a(480)=25575;
a(481)=25614;
a(482)=25653;
a(483)=25692;
a(484)=25731;
a(485)=25770;
a(486)=25809;
a(487)=25848;
a(488)=25887;
a(489)=25926;
a(490)=25965;
a(491)=26004;
a(492)=26043;
a(493)=26082;
a(494)=26121;
a(495)=26160;
a(496)=26199;
a(497)=26238;
a(498)=26277;
a(499)=26316;
a(500)=26355;
a(501)=26394;
a(502)=26433;
a(503)=26472;
a(504)=26511;
a(505)=26550;
a(506)=26589;
a(507)=26628;
a(508)=26667;
a(509)=26706;
a(510)=26745;
a(511)=26784;
a(512)=26823;
a(513)=26862;
a(514)=26901;
a(515)=26940;
a(516)=26979;
a(517)=27018;
a(518)=27057;
a(519)=27096;
a(520)=27135;
a(521)=27174;
a(522)=27213;
a(523)=27252;
a(524)=27291;
a(525)=27330;
a(526)=27369;
a(527)=27408;
a(528)=27447;
a(529)=27486;
a(530)=27525;
a(531)=27564;
a(532)=27603;
a(533)=27642;
a(534)=27681;
a(535)=27720;
a(536)=27759;
a(537)=27798;
a(538)=27837;
a(539)=27876;
a(540)=27915;
a(541)=27954;
a(542)=27993;
a(543)=28032;
a(544)=28071;
a(545)=28110;
a(546)=28149;
a(547)=28188;
a(548)=28227;
a(549)=28266;
a(550)=28305;
a(551)=28344;
a(552)=28383;
a(553)=28422;
a(554)=28461;
a(555)=28500;
a(556)=28539;
a(557)=28578;
a(558)=28617;
a(559)=28656;
a(560)=28695;
a(561)=28734;
a(562)=28773;
a(563)=28812;
a(564)=28851;
a(565)=28890;
a(566)=28929;
a(567)=28968;
a(568)=29007;
a(569)=29046;
a(570)=29085;
a(571)=29124;
a(572)=29163;
a(573)=29202;
a(574)=29241;
a(575)=29280;
a(576)=29319;
a(577)=29358;
