function a=anonymous
% auto-generated code. do not modify.
Infinity=Inf;
I=i;
a=zeros([3000, 1]);
a(1)=-0.04650264922581819;
a(2)=-0.043797933590849526;
a(3)=-0.0422247700479881;
a(4)=-0.0404283595855439;
a(5)=-0.037209296790036143;
a(6)=-0.03587473280880481;
a(7)=-0.034450287831794386;
a(8)=-0.03308676588047194;
a(9)=-0.03189400554289448;
a(10)=-0.030517709015793964;
a(11)=-0.02736333493086296;
a(12)=-0.024621881538421028;
a(13)=0.015592484624528382;
a(14)=0.01532581477534057;
a(15)=0.01474654962865297;
a(16)=0.01453410335051563;
a(17)=0.01880614268196691;
a(18)=0.018081825402734137;
a(19)=0.017708047149244472;
a(20)=0.01696658297650826;
a(21)=0.016324389406377454;
a(22)=0.020627846287346468;
a(23)=0.0244576061467905;
a(24)=0.02352714471935925;
a(25)=0.02697391476364873;
a(26)=0.026228786717641544;
a(27)=0.029356811609088807;
a(28)=0.03248207416081387;
a(29)=0.035462309804613165;
a(30)=0.037795814341842475;
a(31)=0.03624540587356072;
a(32)=0.03493696497867026;
a(33)=0.035838767274459456;
a(34)=0.034459324626648545;
a(35)=0.03396377477661616;
a(36)=0.03292467510988137;
a(37)=0.030690811094423308;
a(38)=0.029223167410677858;
a(39)=0.025722110216482776;
a(40)=0.021323159702057493;
a(41)=0.02042710894470212;
a(42)=0.019638005913748143;
a(43)=0.018311109825854644;
a(44)=0.011361433686011129;
a(45)=0.010907390639628716;
a(46)=0.004496935644404566;
a(47)=-0.0011412134415150887;
a(48)=-0.005920828544179031;
a(49)=-0.005701592654380274;
a(50)=-0.005522466404989698;
a(51)=-0.00535883514800508;
a(52)=-0.010521870412786306;
a(53)=-0.015610662153890675;
a(54)=-0.01503935765419672;
a(55)=-0.019787728816728467;
a(56)=-0.019478388391957986;
a(57)=-0.018789878021455538;
a(58)=-0.0240354419470577;
a(59)=-0.029100613413231516;
a(60)=-0.02806533071694195;
a(61)=-0.033058740879973854;
a(62)=-0.03737374994501258;
a(63)=-0.03599462119704711;
a(64)=-0.0405439128621181;
a(65)=-0.038954450131961076;
a(66)=-0.03754199547707852;
a(67)=-0.04201342612949333;
a(68)=-0.04622514899461397;
a(69)=-0.04989387848181325;
a(70)=-0.048358117173052204;
a(71)=-0.052237354177136326;
a(72)=-0.055759852072582286;
a(73)=-0.05921429425325905;
a(74)=-0.0621410323097908;
a(75)=-0.05984588411432854;
a(76)=-0.06263817724289208;
a(77)=-0.060562413000850364;
a(78)=-0.0634953137198189;
a(79)=-0.06635364752084905;
a(80)=-0.0689943172048899;
a(81)=-0.07115680746830898;
a(82)=-0.0687318737152056;
a(83)=-0.07050378048457977;
a(84)=-0.06791105060665031;
a(85)=-0.06987790528900165;
a(86)=-0.07176386521492865;
a(87)=-0.0734198422019763;
a(88)=-0.07085973149638167;
a(89)=-0.07237481518672248;
a(90)=-0.06970323702481376;
a(91)=-0.07125039541313097;
a(92)=-0.06877720731049658;
a(93)=-0.0706550606400082;
a(94)=-0.06819912982613893;
a(95)=-0.06989124135650407;
a(96)=-0.06732154542631343;
a(97)=-0.0650185941908032;
a(98)=-0.06667251582712626;
a(99)=-0.06842807274152259;
a(100)=-0.065723243197936;
a(101)=-0.06311370211001352;
a(102)=-0.060818825131943026;
a(103)=-0.058750056386254954;
a(104)=-0.05640919094706363;
a(105)=-0.054341660882022275;
a(106)=-0.05672731903109929;
a(107)=-0.05450572867226777;
a(108)=-0.05253304671139387;
a(109)=-0.05509962344112308;
a(110)=-0.057568698671680116;
a(111)=-0.05977135682082795;
a(112)=-0.062045974588601956;
a(113)=-0.0638788545682372;
a(114)=-0.061532726949212434;
a(115)=-0.0633856776439353;
a(116)=-0.06121274635839637;
a(117)=-0.0632909347431357;
a(118)=-0.06544357456716676;
a(119)=-0.06750119215125704;
a(120)=-0.06935965804166053;
a(121)=-0.07128642705203674;
a(122)=-0.07277181913335803;
a(123)=-0.07008851182542379;
a(124)=-0.07195034414721946;
a(125)=-0.07340326988953101;
a(126)=-0.07069104890361837;
a(127)=-0.07256303895390194;
a(128)=-0.07432489374306975;
a(129)=-0.07593125267457616;
a(130)=-0.07757047838664;
a(131)=-0.07913404254427532;
a(132)=-0.08054396297013712;
a(133)=-0.08167003900122131;
a(134)=-0.0784554996055016;
a(135)=-0.07558039612009805;
a(136)=-0.07721540042926345;
a(137)=-0.07878613716154056;
a(138)=-0.08020005008656356;
a(139)=-0.08156310965866063;
a(140)=-0.08255059709748633;
a(141)=-0.07953507500487933;
a(142)=-0.0763669392980097;
a(143)=-0.07333092070635139;
a(144)=-0.07477795664021639;
a(145)=-0.0759346100777948;
a(146)=-0.07293689672640163;
a(147)=-0.07025969154752477;
a(148)=-0.07200490760138556;
a(149)=-0.0735928996020739;
a(150)=-0.07500545231679716;
a(151)=-0.07607571427933243;
a(152)=-0.07307198575244415;
a(153)=-0.07040606227960372;
a(154)=-0.0716444881513326;
a(155)=-0.0730797964334641;
a(156)=-0.07435297396542592;
a(157)=-0.07143436609691904;
a(158)=-0.06861342518767904;
a(159)=-0.06611690845573492;
a(160)=-0.06352903345434412;
a(161)=-0.061308506198883776;
a(162)=-0.06234345146952507;
a(163)=-0.06008440135385719;
a(164)=-0.06050602591825319;
a(165)=-0.060610512959277815;
a(166)=-0.05836567140784519;
a(167)=-0.05780172956105766;
a(168)=-0.05568341556729853;
a(169)=-0.05350234991373456;
a(170)=-0.0514188725880256;
a(171)=-0.049599994302268656;
a(172)=-0.04762488013954546;
a(173)=-0.04572929907565913;
a(174)=-0.04407912500985975;
a(175)=-0.039787069172341455;
a(176)=-0.035167567760125924;
a(177)=-0.03062960775300127;
a(178)=-0.029102431119341802;
a(179)=-0.02413985389442238;
a(180)=-0.02328848930032875;
a(181)=-0.022051672550627933;
a(182)=-0.017002117264255934;
a(183)=-0.012751478925478465;
a(184)=-0.008818012642620056;
a(185)=-0.008240785406318583;
a(186)=-0.005050246346284796;
a(187)=-0.004671295959777843;
a(188)=-0.002300963825238264;
a(189)=-0.002221008163704448;
a(190)=-0.002175517829062441;
a(191)=-0.0020315397483789696;
a(192)=-0.0011886227776889478;
a(193)=-0.0011498298237097133;
a(194)=-0.0011603765418717565;
a(195)=-0.0011255826098225015;
a(196)=-0.0011074398750992919;
a(197)=-0.0010812330359214562;
a(198)=-0.002737307413592362;
a(199)=-0.004513702408171577;
a(200)=-0.006382863722812021;
a(201)=-0.006165197765067977;
a(202)=-0.00825344566141718;
a(203)=-0.00795019626742891;
a(204)=-0.00765788900553404;
a(205)=-0.009786684130992294;
a(206)=-0.009616766487691141;
a(207)=-0.01170701612764657;
a(208)=-0.013771947551330876;
a(209)=-0.01563983894545584;
a(210)=-0.015078184904473973;
a(211)=-0.014493124566819409;
a(212)=-0.013928235020973548;
a(213)=-0.013439530325197529;
a(214)=-0.012924837620055724;
a(215)=-0.012455582242229321;
a(216)=-0.012006195699266838;
a(217)=-0.011551810629018784;
a(218)=-0.011107932724837854;
a(219)=-0.010709889214018855;
a(220)=-0.012607887213160855;
a(221)=-0.012342851340115082;
a(222)=-0.014246765840530824;
a(223)=-0.01593960451791789;
a(224)=-0.015312028543302662;
a(225)=-0.014760653487200463;
a(226)=-0.014182474690249523;
a(227)=-0.013844766757330158;
a(228)=-0.015598760387308943;
a(229)=-0.017502877354219577;
a(230)=-0.019355021079437113;
a(231)=-0.020975065299497938;
a(232)=-0.020340808739766267;
a(233)=-0.022037673419945728;
a(234)=-0.021239299503407735;
a(235)=-0.022911528765516304;
a(236)=-0.024537373424588626;
a(237)=-0.025981210607878846;
a(238)=-0.025161716157941168;
a(239)=-0.02675586662211705;
a(240)=-0.025785879557098716;
a(241)=-0.027105073667445606;
a(242)=-0.028478548423924863;
a(243)=-0.029777672132239644;
a(244)=-0.03083929289855674;
a(245)=-0.03185565221412621;
a(246)=-0.03301835308220354;
a(247)=-0.03189828623610753;
a(248)=-0.030830098896435433;
a(249)=-0.03193491523726732;
a(250)=-0.032895038493367966;
a(251)=-0.03390562590290601;
a(252)=-0.03472829774449849;
a(253)=-0.03353721522576819;
a(254)=-0.03430812069762752;
a(255)=-0.0349098102318153;
a(256)=-0.033666928381478424;
a(257)=-0.03425024919526963;
a(258)=-0.034774529975044655;
a(259)=-0.0353087540988701;
a(260)=-0.03568576302662027;
a(261)=-0.03437463979463532;
a(262)=-0.03317498204786711;
a(263)=-0.03396397329895974;
a(264)=-0.03465054628689823;
a(265)=-0.03330668519606015;
a(266)=-0.03216991384027451;
a(267)=-0.032849237028184354;
a(268)=-0.031556533862367106;
a(269)=-0.030446217543131145;
a(270)=-0.030995807494035292;
a(271)=-0.029932499168905717;
a(272)=-0.030432377919557236;
a(273)=-0.029318959936533617;
